-0.312079699622805
0.269581288214964
0.383903613596409
0.115106277421493
0.3086450502081
-0.704069488732753
-0.999999999748691
0.263302314466097
-0.667443078528233
-0.999999999177797
0.196983633818878
0.312512143633836
-0.31253924433647
-0.202804070780692
-0.626471832303558
-0.113012219900834
-0.302842685658235
0.998757377071924
0.0332475088069394
0.99860171394007
0.423909696205813
0.100472221407497
-0.863198374510751
0.302261944972988
-0.507209755996866
-0.163852072855439
-0.314552168053731
0.177075091826732
-0.0016430650318327
-0.185061838042035
-0.287708239696022
0.12820766993486
0.0467051887149795
0.185860869989609
-0.0604300113669696
-0.453559675799283
-0.194512196631155
0.94019603579108
-0.998840117925786
0.15838959890245
-0.145536894533963
-0.221753149538842
-0.677156454648274
0.929199922959862
0.0574608578322529
0.697131103925688
