0                         1.361038099458096        0                        0.21841894216284874      0
0.03490658503988659       1.5283282641361282       0.03490658503988659      0.26904286503721914      0.03490658503988659
0.06981317007977318       1.697596319370463        0.06981317007977318      0.39959251455807926      0.06981317007977318
0.10471975511965977       1.8651944525053585       0.10471975511965977      0.5432008268009592       0.10471975511965977
0.13962634015954636       2.0280186168781142       0.13962634015954636      0.6853262065068352       0.13962634015954636
0.17453292519943295       2.18336335472723         0.17453292519943295      0.8226250493841273       0.17453292519943295
0.20943951023931953       2.3287599147651163       0.2094395102393195       0.9525973150336495       0.2094395102393195
0.24434609527920614       2.4618153925246276       0.24434609527920614      1.0714719065230407       0.24434609527920614
0.2792526803190927        2.580074065655876        0.2792526803190927       1.174233250384405        0.2792526803190927
0.3141592653589793        2.680923546592077        0.3141592653589793       1.2554231233877033       0.3141592653589793
0.3490658503988659        2.7615654238207363       0.3490658503988659       1.3102073979815365       0.3490658503988659
0.3839724354387525        2.8190624356885716       0.3839724354387525       1.3354571115254545       0.3839724354387525
0.41887902047863906       2.8504633113547597       0.41887902047863906      1.3307176254051694       0.41887902047863906
0.4537856055185257        2.8529946706971807       0.45378560551852565      1.2989908510562094       0.45378560551852565
0.4886921905584123        2.824299414381534        0.4886921905584123       1.2472281412104818       0.4886921905584123
0.5235987755982988        2.7626947896595513       0.5235987755982988       1.1862799269666457       0.5235987755982988
0.5585053606381855        2.6674215778558517       0.5585053606381855       1.1297355561603375       0.5585053606381855
0.5934119456780721        2.538858330427972        0.5934119456780721       1.0908644532971437       0.5934119456780721
0.6283185307179586        2.37868038632299         0.6283185307179586       1.0776971268190796       0.6283185307179586
0.6632251157578452        2.1899516686935487       0.6632251157578452       1.0887314363630949       0.6632251157578452
0.6981317007977318        1.9771478253595864       0.6981317007977318       1.1128702190325719       0.6981317007977318
0.7330382858376184        1.7461235230251781       0.7330382858376184       1.1337108771749793       0.7330382858376184
0.767944870877505         1.5040590732081898       0.767944870877505        1.1346501885556182       0.767944870877505
0.8028514559173915        1.2594629670048336       0.8028514559173915       1.1022254373187022       0.8028514559173915
0.8377580409572781        1.0223906169939747       0.8377580409572781       1.0276147929007013       0.8377580409572781
0.8726646259971648        0.805192673326582        0.8726646259971648       0.9071057240421461       0.8726646259971648
0.9075712110370514        0.6241604353252903       0.9075712110370514       0.742140646942834        0.9075712110370514
0.9424777960769379        0.5006985192979969       0.9424777960769379       0.539413744045206        0.9424777960769379
0.9773843811168246        0.452686737830196        0.9773843811168246       0.3129417936106118       0.9773843811168246
1.0122909661567112        0.4709991040904675       1.0122909661567112       0.12223118243136642      1.0122909661567112
1.0471975511965976        0.5216574181351263       1.0471975511965976       0.2479036924359025       1.0471975511965976
1.0821041362364843        0.5756202273410997       1.0821041362364843       0.4757845844892404       1.0821041362364843
1.117010721276371         0.618160035233302        1.117010721276371        0.6851446522200819       1.117010721276371
1.1519173063162575        0.6439579587330739       1.1519173063162575       0.8549332801701839       1.1519173063162575
1.1868238913561442        0.6524895114721422       1.1868238913561442       0.9732735884519601       1.1868238913561442
1.2217304763960306        0.6454213465024498       1.2217304763960306       1.0334624037658513       1.2217304763960306
1.2566370614359172        0.6251302964666555       1.2566370614359172       1.034072134280959        1.2566370614359172
1.2915436464758039        0.593858886703652        1.2915436464758039       0.979307936870645        1.2915436464758039
1.3264502315156903        0.553383658065495        1.3264502315156903       0.8792676413652675       1.3264502315156903
1.361356816555577         0.5051918806581527       1.361356816555577        0.7503067641529634       1.361356816555577
1.3962634015954636        0.4511654311077742       1.3962634015954636       0.6160169174068867       1.3962634015954636
1.43116998663535          0.39478855893922765      1.43116998663535         0.5083356552346399       1.43116998663535
1.4660765716752369        0.3429328003082859       1.4660765716752369       0.46052987916654453      1.4660765716752369
1.5009831567151233        0.30759952097138193      1.5009831567151233       0.4792415420810195       1.5009831567151233
1.53588974175501          0.30354478482236275      1.53588974175501         0.5334860353842238       1.53588974175501
1.5707963267948966        0.3370476798447918       1.5707963267948966       0.5879164470563257       1.5707963267948966
1.605702911834783         0.3993520658472915       1.605702911834783        0.6219629539771916       1.605702911834783
1.6406094968746698        0.47590174677110386      1.6406094968746698       0.6271626050814538       1.6406094968746698
1.6755160819145563        0.5542856489455559       1.6755160819145563       0.6019638045869277       1.6755160819145563
1.710422666954443         0.625107972219867        1.710422666954443        0.5486105621292235       1.710422666954443
1.7453292519943295        0.6811120458064723       1.7453292519943295       0.4719903383789996       1.7453292519943295
1.780235837034216         0.7167571944630924       1.780235837034216        0.380587844879538        1.780235837034216
1.8151424220741028        0.7282790346593937       1.8151424220741028       0.2909422758219057       1.8151424220741028
1.8500490071139892        0.7139077283703474       1.8500490071139892       0.23700513635703813      1.8500490071139892
1.8849555921538759        0.6739635327379284       1.8849555921538759       0.25633877288401097      1.8849555921538759
1.9198621771937625        0.610670799463958        1.9198621771937625       0.33008364581025185      1.9198621771937625
1.9547687622336491        0.5276916023926134       1.9547687622336491       0.41409725090236177      1.9547687622336491
1.9896753472735356        0.4295425718084419       1.9896753472735356       0.48276738482582127      1.9896753472735356
2.0245819323134224        0.3211947831815579       2.0245819323134224       0.5237562046630756       2.0245819323134224
2.0594885173533086        0.20848734367989114      2.0594885173533086       0.5317307956439759       2.0594885173533086
2.0943951023931953        0.10376047632888312      2.0943951023931953       0.5060422116549949       2.0943951023931953
2.129301687433082         0.08186551434710539      2.129301687433082        0.4497844707898267       2.129301687433082
2.1642082724729685        0.17176378281340884      2.1642082724729685       0.3694918771293388       2.1642082724729685
2.199114857512855         0.2732431382853079       2.199114857512855        0.2758352526106953       2.199114857512855
2.234021442552742         0.36873374303044565      2.234021442552742        0.1881445552720985       2.234021442552742
2.2689280275926285        0.45461565586765584      2.2689280275926285       0.14868500397350673      2.2689280275926285
2.303834612632515         0.5297266496660553       2.303834612632515        0.18923194178139427      2.303834612632515
2.3387411976724013        0.5940950885421192       2.3387411976724013       0.26354707540243394      2.3387411976724013
2.3736477827122884        0.6486744748615306       2.3736477827122884       0.3354687423886605       2.3736477827122884
2.4085543677521746        0.6952371434332687       2.4085543677521746       0.39319111182149463      2.4085543677521746
2.443460952792061         0.7361851406907932       2.443460952792061        0.4333988182810615       2.443460952792061
2.478367537831948         0.7741466631836548       2.478367537831948        0.4562681659602602       2.478367537831948
2.5132741228718345        0.8113517832389177       2.5132741228718345       0.463908050261957        2.5132741228718345
2.548180707911721         0.8489410184551883       2.548180707911721        0.46008455048213937      2.548180707911721
2.5830872929516078        0.8864901999578765       2.5830872929516078       0.4506709731097019       2.5830872929516078
2.6179938779914944        0.9220302654285767       2.6179938779914944       0.44375671002865186      2.6179938779914944
2.6529004630313806        0.952640440836845        2.6529004630313806       0.44772507350398916      2.6529004630313806
2.6878070480712677        0.9753971417595121       2.6878070480712677       0.46702554811404345      2.6878070480712677
2.722713633111154         0.9882749281178231       2.722713633111154        0.4991514113532744       2.722713633111154
2.7576202181510405        0.9906403539240408       2.7576202181510405       0.5363242060039373       2.7576202181510405
2.792526803190927         0.9832063861176099       2.792526803190927        0.5697806943015274       2.792526803190927
2.827433388230814         0.967580797893778        2.827433388230814        0.5927817201876574       2.827433388230814
2.8623399732707           0.9457024618143683       2.8623399732707          0.6014270392349153       2.8623399732707
2.897246558310587         0.9194330237325894       2.897246558310587        0.5941814283497248       2.897246558310587
2.9321531433504737        0.8903860964855007       2.9321531433504737       0.5710727886932493       2.9321531433504737
2.9670597283903604        0.8598706101536809       2.9670597283903604       0.5331658879110015       2.9670597283903604
3.0019663134302466        0.8287609644059469       3.0019663134302466       0.48252037222519323      3.0019663134302466
3.036872898470133         0.7972398963753077       3.036872898470133        0.4224617950241681       3.036872898470133
3.07177948351002          0.7645782989947034       3.07177948351002         0.3577973601891238       3.07177948351002
3.106686068549907         0.729210410040233        3.106686068549907        0.2946974453912145       3.106686068549907
3.141592653589793         0.6892139976067201       3.141592653589793        0.24016746878032053      3.141592653589793
3.1764992386296798        0.6430322439075146       -3.106686068549907       0.20091978671948513      -3.106686068549907
3.211405823669566         0.5901306517987235       -3.0717794835100207      0.18100210649109277      -3.0717794835100207
3.2463124087094526        0.5313945152178399       -3.036872898470134       0.1790982105479417       -3.036872898470134
3.2812189937493397        0.46935151624670807      -3.001966313430247       0.18972187915354125      -3.001966313430247
3.3161255787892263        0.40857064888626654      -2.9670597283903604      0.2076081125534941       -2.9670597283903604
3.3510321638291125        0.35658429154263777      -2.932153143350474       0.2296649549262172       -2.932153143350474
3.385938748868999         0.32461810474805736      -2.8972465583105875      0.2543740399318093       -2.8972465583105875
3.420845333908886         0.3243956061116666       -2.862339973270701       0.2810935681796594       -2.862339973270701
3.455751918948773         0.35909003600201356      -2.827433388230814       0.3099753152255562       -2.827433388230814
3.490658503988659         0.42019121687411554      -2.7925268031909276      0.3420586583429832       -2.7925268031909276
3.5255650890285457        0.49543244023445976      -2.757620218151041       0.3789792661801851       -2.757620218151041
3.560471674068432         0.5750176252372271       -2.7227136331111548      0.4220741012745929       -2.7227136331111548
3.5953782591083185        0.652705455173946        -2.687807048071268       0.47123313884674806      -2.687807048071268
3.6302848441482056        0.7252376952981241       -2.652900463031381       0.5242672526577007       -2.652900463031381
3.6651914291880923        0.7915309186853524       -2.6179938779914944      0.5773326551866446       -2.6179938779914944
3.7000980142279785        0.8517121710967575       -2.5830872929516078      0.6261929503897993       -2.5830872929516078
3.735004599267865         0.906035608151733        -2.548180707911721       0.6675079693753698       -2.548180707911721
3.7699111843077517        0.9539169822696486       -2.5132741228718345      0.6993414131816444       -2.5132741228718345
3.804817769347638         0.9934025559724851       -2.4783675378319483      0.7206270109788451       -2.4783675378319483
3.839724354387525         1.0212803585808297       -2.4434609527920617      0.7301008623397303       -2.4434609527920617
3.8746309394274117        1.0337996164742007       -2.408554367752175       0.7256384025803005       -2.408554367752175
3.9095375244672983        1.0277097858946624       -2.3736477827122884      0.7045949886572963       -2.3736477827122884
3.9444441095071845        1.001188204677697        -2.338741197672402       0.6649196145745498       -2.338741197672402
3.979350694547071         0.954270302983738        -2.3038346126325155      0.6062707942770816       -2.3038346126325155
4.014257279586958         0.8886305590238726       -2.2689280275926285      0.5304928962528497       -2.2689280275926285
4.049163864626845         0.806907740872256        -2.2340214425527414      0.4413784311899116       -2.2340214425527414
4.084070449666731         0.7120781881117695       -2.1991148575128556      0.34438114616930154      -2.1991148575128556
4.118977034706617         0.607510162712656        -2.164208272472969       0.24814759823953866      -2.164208272472969
4.153883619746504         0.4983018288297654       -2.1293016874330823      0.1731971345222701       -2.1293016874330823
4.1887902047863905        0.3946606904217736       -2.094395102393196       0.16492434746499654      -2.094395102393196
4.223696789826278         0.3179992802536285       -2.059488517353309       0.2287860474336416       -2.059488517353309
4.258603374866164         0.3002667069808533       -2.024581932313423       0.3142593448244436       -2.024581932313423
4.293509959906051         0.348954947730702        -1.9896753472735356      0.39245112062185256      -1.9896753472735356
4.328416544945937         0.4321901943219795       -1.9547687622336494      0.4506842121574247       -1.9547687622336494
4.363323129985823         0.5194331893990929       -1.9198621771937632      0.4834169558493835       -1.9198621771937632
4.39822971502571          0.5947500761394938       -1.884955592153876       0.4900867228500907       -1.884955592153876
4.4331363000655974        0.6518944180971442       -1.850049007113989       0.4737691894457258       -1.850049007113989
4.468042885105484         0.6905374568703202       -1.8151424220741028      0.43936069502473113      -1.8151424220741028
4.50294947014537          0.7137488489025283       -1.7802358370342166      0.3916994903070182       -1.7802358370342166
4.537856055185257         0.7255699974797177       -1.7453292519943295      0.33457931638440447      -1.7453292519943295
4.572762640225144         0.728822354885741        -1.7104226669544424      0.2715225535425469       -1.7104226669544424
4.60766922526503          0.7239567595186881       -1.6755160819145563      0.20905850629586145      -1.6755160819145563
4.642575810304916         0.7094758182434744       -1.64060949687467        0.16382676977128094      -1.64060949687467
4.677482395344803         0.6835665800061107       -1.6057029118347839      0.16398468250961207      -1.6057029118347839
4.71238898038469          0.6459621690338944       -1.5707963267948968      0.21088855773029574      -1.5707963267948968
4.747295565424577         0.5991590090915303       -1.5358897417550097      0.2752127872322886       -1.5358897417550097
4.782202150464463         0.5485421397225314       -1.5009831567151235      0.33596921050212547      -1.5009831567151235
4.817108735504349         0.5012109573699062       -1.4660765716752373      0.3827733223876286       -1.4660765716752373
4.852015320544236         0.46344180612863034      -1.4311699866353502      0.4113892390782621       -1.4311699866353502
4.886921905584122         0.437516015385405        -1.396263401595464       0.4225690017303757       -1.396263401595464
4.921828490624009         0.42010681220977664      -1.3613568165555778      0.4219570965970682       -1.3613568165555778
4.956735075663896         0.4039841176921587       -1.3264502315156907      0.41941328890205054      -1.3264502315156907
4.991641660703783         0.38161851292349624      -1.2915436464758037      0.4260823805234093       -1.2915436464758037
5.026548245743669         0.34799262043369183      -1.2566370614359175      0.4487122693694976       -1.2566370614359175
5.061454830783555         0.3018995789839717       -1.2217304763960313      0.4851574771968673       -1.2217304763960313
5.096361415823442         0.24684084694996064      -1.1868238913561442      0.5257719144231776       -1.1868238913561442
5.131268000863329         0.1936821194011099       -1.151917306316257       0.5583800966448464       -1.151917306316257
5.1661745859032155        0.16641914704501057      -1.117010721276371       0.5720836242075875       -1.117010721276371
5.201081170943102         0.19027416648235873      -1.0821041362364847      0.5590296827400875       -1.0821041362364847
5.235987755982989         0.25420297914743595      -1.0471975511965976      0.5154192573213084       -1.0471975511965976
5.270894341022875         0.33346794651346223      -1.0122909661567114      0.4433881480130999       -1.0122909661567114
5.305800926062761         0.4140953566313254       -0.9773843811168252      0.35736628957078775      -0.9773843811168252
5.340707511102648         0.48916115296472745      -0.9424777960769383      0.3036144873553155       -0.9424777960769383
5.375614096142535         0.5549332359328869       -0.9075712110370511      0.36067834506023205      -0.9075712110370511
5.410520681182422         0.6094307083199157       -0.8726646259971649      0.531999472971824        -0.8726646259971649
5.445427266222308         0.6518644560625795       -0.8377580409572788      0.7667319262655176       -0.8377580409572788
5.480333851262194         0.6823645797973393       -0.8028514559173925      1.0346819377281375       -0.8028514559173925
5.515240436302081         0.701807350836518        -0.7679448708775054      1.3192492504971343       -0.7679448708775054
5.550147021341968         0.711673897793284        -0.7330382858376183      1.6081039356956897       -0.7330382858376183
5.585053606381854         0.7139047770256819       -0.6981317007977322      1.890267072548473        -0.6981317007977322
5.6199601914217405        0.7107221255682042       -0.6632251157578459      2.155368255485045        -0.6632251157578459
5.654866776461628         0.7043977674777914       -0.6283185307179588      2.393617094378721        -0.6283185307179588
5.689773361501514         0.6969649092469211       -0.5934119456780726      2.5960454042405328       -0.5934119456780726
5.7246799465414           0.6899089648668804       -0.5585053606381865      2.754855304860065        -0.5585053606381865
5.759586531581287         0.683919501102739        -0.5235987755982994      2.863789641079096        -0.5235987755982994
5.794493116621174         0.6788101902002732       -0.4886921905584123      2.918469240607784        -0.4886921905584123
5.829399701661061         0.6736876095447147       -0.45378560551852526     2.916655543589413        -0.45378560551852526
5.8643062867009474        0.667379963652508        -0.418879020478639       2.8584080019806914       -0.418879020478639
5.899212871740834         0.659069543018043        -0.3839724354387528      2.746116184162616        -0.3839724354387528
5.934119456780721         0.6490428845662926       -0.3490658503988658      2.5843972125561496       -0.3490658503988658
5.969026041820607         0.6394537943946895       -0.3141592653589796      2.379859898765583        -0.3141592653589796
6.003932626860493         0.634898838892668        -0.27925268031909334     2.140747483899236        -0.27925268031909334
6.03883921190038          0.6423605569616418       -0.24434609527920628     1.87648114724368         -0.24434609527920628
6.073745796940266         0.6698851827015331       -0.2094395102393201      1.5971374083679817       -0.2094395102393201
6.108652381980153         0.723958902962782        -0.1745329251994339      1.3129093279673008       -0.1745329251994339
6.14355896702004          0.8070853040477107       -0.1396263401595468      1.0336432512064817       -0.1396263401595468
6.178465552059927         0.9174196574121397       -0.10471975511965972     0.768684726210164        -0.10471975511965972
6.213372137099814         1.0502956270682533       -0.06981317007977264     0.5278630964392864       -0.06981317007977264
6.2482787221397           1.2000278870985008       -0.034906585039886445    0.3275589632498811       -0.034906585039886445
6.283185307179586         1.3610380994580955       -2.4492935982947064E-16  0.2184189421628498       -2.4492935982947064E-16
